01875	 , 200
01884	 , 199
01894	 , 198
01904	 , 197
01913	 , 196
01923	 , 195
01933	 , 194
01943	 , 193
01953	 , 192
01963	 , 191
01974	 , 190
01984	 , 189
01995	 , 188
02005	 , 187
02016	 , 186
02027	 , 185
02038	 , 184
02049	 , 183
02060	 , 182
02072	 , 181
02083	 , 180
02095	 , 179
02107	 , 178
02119	 , 177
02131	 , 176
02180	 , 172
02206	 , 170
02219	 , 169
02246	 , 167
02259	 , 166
02287	 , 164
02301	 , 163
02315	 , 162
02329	 , 161
02344	 , 160
02358	 , 159
02373	 , 158
02389	 , 157
02404	 , 156
02419	 , 155
02435	 , 154
02451	 , 153
02467	 , 152
02483	 , 151
02500	 , 150
02517	 , 149
02534	 , 148
02551	 , 147
02568	 , 146
02586	 , 145
02604	 , 144
02622	 , 143
02641	 , 142
02660	 , 141
02679	 , 140
02698	 , 139
02717	 , 138
02737	 , 137
02757	 , 136
02778	 , 135
02799	 , 134
02820	 , 133
02841	 , 132
02863	 , 131
02885	 , 130
02907	 , 129
02930	 , 128
02976	 , 126
03000	 , 125
03074	 , 122
03099	 , 121
03125	 , 120
03151	 , 119
03178	 , 118
03205	 , 117
03233	 , 116
03261	 , 115
03289	 , 114
03319	 , 113
03348	 , 112
03378	 , 111
03409	 , 110
03440	 , 109
03472	 , 108
03505	 , 107
03538	 , 106
03571	 , 105
03606	 , 104
03641	 , 103
03676	 , 102
03713	 , 101
03750	 , 100
03788	 , 99
03827	 , 98
03866	 , 97
03906	 , 96
03947	 , 95
03989	 , 94
04032	 , 93
04076	 , 92
04121	 , 91
04167	 , 90
04213	 , 89
04261	 , 88
04360	 , 86
04412	 , 85
04518	 , 83
04573	 , 82
04630	 , 81
04688	 , 80
04747	 , 79
04808	 , 78
04870	 , 77
04934	 , 76
05000	 , 75
05068	 , 74
05137	 , 73
05208	 , 72
05282	 , 71
05357	 , 70
05435	 , 69
05515	 , 68
05597	 , 67
05682	 , 66
05769	 , 65
05859	 , 64
05952	 , 63
06148	 , 61
06250	 , 60
06356	 , 59
06466	 , 58
06579	 , 57
06696	 , 56
06818	 , 55
06944	 , 54
07075	 , 53
07212	 , 52
07353	 , 51
07500	 , 50
07653	 , 49
07813	 , 48
07979	 , 47
08152	 , 46
08333	 , 45
08523	 , 44
08721	 , 43
09146	 , 41
09375	 , 40
09615	 , 39
09868	 , 38
10135	 , 37
10417	 , 36
10714	 , 35
11029	 , 34
11364	 , 33
11719	 , 32
12500	 , 30
12931	 , 29
13393	 , 28
13889	 , 27
14423	 , 26
15000	 , 25
15625	 , 24
16304	 , 23
17045	 , 22
18750	 , 20
19737	 , 19
20833	 , 18
22059	 , 17
23438	 , 16
25000	 , 15
26786	 , 14
28846	 , 13
31250	 , 12
34091	 , 11
37500	 , 10
41667	 , 9
46875	 , 8
53571	 , 7
62500	 , 6
75000	 , 5
