Forward Difference:
8652 ,9643 ,9856 ,9908 ,10012,10041,9984 ,10070,10010,9748 ,
8441 ,9395 ,9604 ,9665 ,9783 ,9782 ,9760 ,9831 ,9770 ,9375 ,
8400 ,9362 ,9571 ,9629 ,9748 ,9763 ,9729 ,9792 ,9714 ,9305 ,
8379 ,9340 ,9563 ,9635 ,9749 ,9758 ,9711 ,9764 ,9705 ,9297 ,
8319 ,9293 ,9527 ,9579 ,9680 ,9695 ,9638 ,9732 ,9642 ,9218 ,
8302 ,9279 ,9506 ,9548 ,9668 ,9693 ,9607 ,9707 ,9602 ,9179 ,
8271 ,9242 ,9469 ,9510 ,9611 ,9633 ,9583 ,9665 ,9583 ,9127 ,
8268 ,9240 ,9459 ,9507 ,9596 ,9633 ,9576 ,9677 ,9597 ,9158 ,
8263 ,9247 ,9445 ,9506 ,9614 ,9622 ,9577 ,9654 ,9578 ,9160 ,
8235 ,9208 ,9402 ,9460 ,9573 ,9587 ,9548 ,9610 ,9540 ,9129 ,
8194 ,9171 ,9365 ,9424 ,9530 ,9551 ,9505 ,9562 ,9501 ,9082 ,
8179 ,9079 ,9310 ,9388 ,9490 ,9507 ,9449 ,9535 ,9455 ,9037 ,
8126 ,9023 ,9228 ,9298 ,9418 ,9428 ,9402 ,9474 ,9382 ,8971 ,
8170 ,9084 ,9279 ,9345 ,9430 ,9449 ,9438 ,9496 ,9422 ,9014 ,
Reverse Difference:
11768,12759,12947,12846,12914,12809,12674,12682,12615,12540,12365,12013,11236,9171 ,
12049,13095,13285,13197,13279,13192,13033,13051,12992,12907,12716,12295,11501,9406 ,
12075,13128,13334,13292,13342,13256,13087,13100,13014,12923,12708,12318,11528,9394 ,
12067,13113,13323,13266,13298,13210,13043,13080,12988,12906,12709,12326,11537,9391 ,
12069,13116,13320,13217,13315,13224,13040,13042,12989,12902,12715,12334,11527,9394 ,
12045,13099,13325,13288,13319,13244,13054,13080,12993,12916,12709,12339,11564,9416 ,
12033,13092,13295,13249,13286,13185,13010,13027,12959,12885,12696,12283,11529,9397 ,
11989,13037,13238,13196,13236,13150,12972,12989,12912,12838,12639,12258,11498,9349 ,
12027,13067,13259,13212,13240,13135,12984,13009,12921,12842,12644,12248,11466,9360 ,
12014,12891,13039,12937,12980,12863,12710,12746,12668,12594,12420,12034,11247,9191 ,
Forward Valid Table:
0    ,0    ,0    ,0    ,0    ,0    ,0    ,0    ,0    ,0    ,
0    ,0    ,0    ,0    ,0    ,0    ,0    ,0    ,0    ,0    ,
0    ,0    ,0    ,0    ,0    ,0    ,0    ,0    ,0    ,0    ,
0    ,0    ,0    ,0    ,0    ,0    ,0    ,0    ,0    ,0    ,
0    ,0    ,0    ,0    ,0    ,0    ,0    ,0    ,0    ,0    ,
0    ,0    ,0    ,0    ,0    ,0    ,0    ,0    ,0    ,0    ,
0    ,0    ,0    ,0    ,0    ,0    ,0    ,0    ,0    ,0    ,
0    ,0    ,0    ,0    ,0    ,0    ,0    ,0    ,0    ,0    ,
0    ,0    ,0    ,0    ,0    ,0    ,0    ,0    ,0    ,0    ,
0    ,0    ,0    ,0    ,0    ,0    ,0    ,0    ,0    ,0    ,
0    ,0    ,0    ,0    ,0    ,0    ,0    ,0    ,0    ,0    ,
0    ,0    ,0    ,0    ,0    ,0    ,0    ,0    ,0    ,0    ,
0    ,0    ,0    ,0    ,0    ,0    ,0    ,0    ,0    ,0    ,
0    ,0    ,0    ,0    ,0    ,0    ,0    ,0    ,0    ,0    ,
Reverse Valid Table:
0    ,0    ,0    ,0    ,0    ,0    ,0    ,0    ,0    ,0    ,0    ,0    ,0    ,0    ,
0    ,0    ,0    ,0    ,0    ,0    ,0    ,0    ,0    ,0    ,0    ,0    ,0    ,0    ,
0    ,0    ,0    ,0    ,0    ,0    ,0    ,0    ,0    ,0    ,0    ,0    ,0    ,0    ,
0    ,0    ,0    ,0    ,0    ,0    ,0    ,0    ,0    ,0    ,0    ,0    ,0    ,0    ,
0    ,0    ,0    ,0    ,0    ,0    ,0    ,0    ,0    ,0    ,0    ,0    ,0    ,0    ,
0    ,0    ,0    ,0    ,0    ,0    ,0    ,0    ,0    ,0    ,0    ,0    ,0    ,0    ,
0    ,0    ,0    ,0    ,0    ,0    ,0    ,0    ,0    ,0    ,0    ,0    ,0    ,0    ,
0    ,0    ,0    ,0    ,0    ,0    ,0    ,0    ,0    ,0    ,0    ,0    ,0    ,0    ,
0    ,0    ,0    ,0    ,0    ,0    ,0    ,0    ,0    ,0    ,0    ,0    ,0    ,0    ,
0    ,0    ,0    ,0    ,0    ,0    ,0    ,0    ,0    ,0    ,0    ,0    ,0    ,0    ,
