Forward Difference:
871  ,806  ,774  ,785  ,828  ,839  ,1038 ,1447 ,1544 ,2058 ,1044 ,827  ,
823  ,840  ,775  ,781  ,784  ,824  ,823  ,1687 ,1943 ,1801 ,1034 ,836  ,
821  ,834  ,845  ,780  ,767  ,866  ,785  ,938  ,1108 ,1306 ,931  ,801  ,
803  ,824  ,786  ,780  ,766  ,838  ,785  ,801  ,1175 ,725  ,782  ,782  ,
774  ,777  ,775  ,776  ,758  ,790  ,775  ,753  ,738  ,652  ,729  ,869  ,
771  ,774  ,764  ,764  ,773  ,800  ,772  ,753  ,704  ,643  ,754  ,776  ,
891  ,784  ,781  ,754  ,751  ,798  ,764  ,738  ,701  ,660  ,766  ,767  ,
817  ,798  ,780  ,761  ,769  ,819  ,787  ,736  ,706  ,668  ,751  ,774  ,
847  ,784  ,775  ,773  ,780  ,815  ,895  ,741  ,705  ,649  ,769  ,752  ,
815  ,778  ,792  ,802  ,786  ,808  ,853  ,747  ,706  ,638  ,776  ,798  ,
853  ,908  ,869  ,824  ,802  ,802  ,818  ,766  ,729  ,673  ,857  ,849  ,
903  ,859  ,880  ,822  ,800  ,826  ,821  ,983  ,898  ,1396 ,2233 ,1268 ,
931  ,859  ,844  ,832  ,818  ,825  ,830  ,825  ,884  ,1251 ,2136 ,1154 ,
901  ,880  ,836  ,848  ,880  ,853  ,914  ,862  ,852  ,1172 ,1455 ,1338 ,
889  ,861  ,832  ,862  ,853  ,878  ,986  ,882  ,963  ,1522 ,1796 ,997  ,
889  ,861  ,850  ,876  ,894  ,974  ,862  ,845  ,848  ,983  ,1115 ,826  ,
904  ,874  ,870  ,892  ,1035 ,935  ,868  ,887  ,921  ,817  ,880  ,1143 ,
925  ,935  ,903  ,923  ,924  ,970  ,1008 ,919  ,820  ,846  ,845  ,942  ,
974  ,975  ,981  ,1050 ,975  ,943  ,1171 ,966  ,867  ,866  ,895  ,960  ,
1038 ,1040 ,1133 ,1472 ,1202 ,1047 ,992  ,1094 ,926  ,909  ,537  ,1127 ,
Reverse Difference:
1069 ,979  ,1096 ,1104 ,1092 ,1096 ,1250 ,1143 ,1164 ,1105 ,1071 ,1000 ,1039 ,1023 ,1003 ,1006 ,1060 ,1082 ,1107 ,1136 ,
984  ,1028 ,1134 ,1168 ,1124 ,1122 ,1122 ,1146 ,1103 ,1081 ,1176 ,959  ,972  ,1012 ,984  ,991  ,1046 ,1111 ,1131 ,1152 ,
964  ,968  ,1184 ,1128 ,1145 ,1135 ,1140 ,1139 ,1104 ,1125 ,1141 ,1022 ,976  ,981  ,972  ,1007 ,1058 ,1097 ,1161 ,1300 ,
976  ,962  ,1081 ,1129 ,1151 ,1139 ,1113 ,1118 ,1119 ,1144 ,1084 ,935  ,957  ,995  ,1012 ,1039 ,1095 ,1123 ,1259 ,1734 ,
1074 ,1000 ,1091 ,1126 ,1150 ,1182 ,1127 ,1155 ,1146 ,1143 ,1079 ,941  ,963  ,1069 ,1025 ,1086 ,1316 ,1152 ,1175 ,1429 ,
1055 ,1023 ,1229 ,1238 ,1194 ,1218 ,1200 ,1229 ,1204 ,1172 ,1079 ,953  ,962  ,1012 ,1050 ,1185 ,1171 ,1199 ,1133 ,1208 ,
1438 ,1073 ,1151 ,1187 ,1221 ,1223 ,1194 ,1221 ,1357 ,1285 ,1140 ,999  ,1015 ,1147 ,1251 ,1081 ,1125 ,1306 ,1485 ,1205 ,
2119 ,2503 ,1430 ,1273 ,1226 ,1231 ,1188 ,1185 ,1170 ,1165 ,1104 ,1243 ,1028 ,1096 ,1123 ,1084 ,1187 ,1216 ,1255 ,1363 ,
2394 ,3038 ,1791 ,1948 ,1273 ,1225 ,1204 ,1207 ,1175 ,1165 ,1113 ,1184 ,1163 ,1158 ,1306 ,1144 ,1301 ,1153 ,1178 ,1228 ,
3289 ,2853 ,2180 ,1311 ,1218 ,1224 ,1234 ,1239 ,1180 ,1144 ,1101 ,1939 ,1742 ,1652 ,2168 ,1382 ,1214 ,1245 ,1248 ,1261 ,
1308 ,1354 ,1355 ,1205 ,1160 ,1202 ,1201 ,1184 ,1175 ,1163 ,1166 ,2620 ,2490 ,1731 ,2152 ,1323 ,1129 ,1079 ,1108 ,628  ,
1130 ,1160 ,1256 ,1299 ,1485 ,1321 ,1292 ,1299 ,1238 ,1287 ,1256 ,1680 ,1527 ,1794 ,1325 ,1099 ,1578 ,1288 ,1287 ,1465 ,
Forward Valid Table:
0    ,0    ,0    ,0    ,0    ,0    ,0    ,0    ,0    ,0    ,0    ,0    ,
0    ,0    ,0    ,0    ,0    ,0    ,0    ,0    ,0    ,0    ,0    ,0    ,
0    ,0    ,0    ,0    ,0    ,0    ,0    ,0    ,0    ,0    ,0    ,0    ,
0    ,0    ,0    ,0    ,0    ,0    ,0    ,0    ,0    ,0    ,0    ,0    ,
0    ,0    ,0    ,0    ,0    ,0    ,0    ,0    ,0    ,0    ,0    ,0    ,
0    ,0    ,0    ,0    ,0    ,0    ,0    ,0    ,0    ,0    ,0    ,0    ,
0    ,0    ,0    ,0    ,0    ,0    ,0    ,0    ,0    ,0    ,0    ,0    ,
0    ,0    ,0    ,0    ,0    ,0    ,0    ,0    ,0    ,0    ,0    ,0    ,
0    ,0    ,0    ,0    ,0    ,0    ,0    ,0    ,0    ,0    ,0    ,0    ,
0    ,0    ,0    ,0    ,0    ,0    ,0    ,0    ,0    ,0    ,0    ,0    ,
0    ,0    ,0    ,0    ,0    ,0    ,0    ,0    ,0    ,0    ,0    ,0    ,
0    ,0    ,0    ,0    ,0    ,0    ,0    ,0    ,0    ,0    ,0    ,0    ,
0    ,0    ,0    ,0    ,0    ,0    ,0    ,0    ,0    ,0    ,0    ,0    ,
0    ,0    ,0    ,0    ,0    ,0    ,0    ,0    ,0    ,0    ,0    ,0    ,
0    ,0    ,0    ,0    ,0    ,0    ,0    ,0    ,0    ,0    ,0    ,0    ,
0    ,0    ,0    ,0    ,0    ,0    ,0    ,0    ,0    ,0    ,0    ,0    ,
0    ,0    ,0    ,0    ,0    ,0    ,0    ,0    ,0    ,0    ,0    ,0    ,
0    ,0    ,0    ,0    ,0    ,0    ,0    ,0    ,0    ,0    ,0    ,0    ,
0    ,0    ,0    ,0    ,0    ,0    ,0    ,0    ,0    ,0    ,0    ,0    ,
0    ,0    ,0    ,0    ,0    ,0    ,0    ,0    ,0    ,0    ,0    ,0    ,
Reverse Valid Table:
0    ,0    ,0    ,0    ,0    ,0    ,0    ,0    ,0    ,0    ,0    ,0    ,0    ,0    ,0    ,0    ,0    ,0    ,0    ,0    ,
0    ,0    ,0    ,0    ,0    ,0    ,0    ,0    ,0    ,0    ,0    ,0    ,0    ,0    ,0    ,0    ,0    ,0    ,0    ,0    ,
0    ,0    ,0    ,0    ,0    ,0    ,0    ,0    ,0    ,0    ,0    ,0    ,0    ,0    ,0    ,0    ,0    ,0    ,0    ,0    ,
0    ,0    ,0    ,0    ,0    ,0    ,0    ,0    ,0    ,0    ,0    ,0    ,0    ,0    ,0    ,0    ,0    ,0    ,0    ,0    ,
0    ,0    ,0    ,0    ,0    ,0    ,0    ,0    ,0    ,0    ,0    ,0    ,0    ,0    ,0    ,0    ,0    ,0    ,0    ,0    ,
0    ,0    ,0    ,0    ,0    ,0    ,0    ,0    ,0    ,0    ,0    ,0    ,0    ,0    ,0    ,0    ,0    ,0    ,0    ,0    ,
0    ,0    ,0    ,0    ,0    ,0    ,0    ,0    ,0    ,0    ,0    ,0    ,0    ,0    ,0    ,0    ,0    ,0    ,0    ,0    ,
0    ,0    ,0    ,0    ,0    ,0    ,0    ,0    ,0    ,0    ,0    ,0    ,0    ,0    ,0    ,0    ,0    ,0    ,0    ,0    ,
0    ,0    ,0    ,0    ,0    ,0    ,0    ,0    ,0    ,0    ,0    ,0    ,0    ,0    ,0    ,0    ,0    ,0    ,0    ,0    ,
0    ,0    ,0    ,0    ,0    ,0    ,0    ,0    ,0    ,0    ,0    ,0    ,0    ,0    ,0    ,0    ,0    ,0    ,0    ,0    ,
0    ,0    ,0    ,0    ,0    ,0    ,0    ,0    ,0    ,0    ,0    ,0    ,0    ,0    ,0    ,0    ,0    ,0    ,0    ,0    ,
0    ,0    ,0    ,0    ,0    ,0    ,0    ,0    ,0    ,0    ,0    ,0    ,0    ,0    ,0    ,0    ,0    ,0    ,0    ,0    ,
