Forward Difference:
8666 ,9637 ,9846 ,9909 ,10020,10031,9982 ,10062,10017,9754 ,
8431 ,9392 ,9609 ,9673 ,9789 ,9786 ,9751 ,9835 ,9756 ,9374 ,
8397 ,9356 ,9573 ,9632 ,9748 ,9765 ,9723 ,9782 ,9716 ,9303 ,
8370 ,9333 ,9557 ,9617 ,9724 ,9746 ,9710 ,9763 ,9705 ,9285 ,
8296 ,9278 ,9513 ,9546 ,9676 ,9672 ,9630 ,9706 ,9627 ,9191 ,
8291 ,9277 ,9501 ,9527 ,9668 ,9677 ,9609 ,9697 ,9599 ,9169 ,
8261 ,9233 ,9452 ,9484 ,9609 ,9631 ,9566 ,9657 ,9572 ,9127 ,
8259 ,9228 ,9439 ,9502 ,9605 ,9610 ,9565 ,9645 ,9597 ,9139 ,
8262 ,9245 ,9450 ,9508 ,9605 ,9615 ,9574 ,9649 ,9578 ,9147 ,
8236 ,9201 ,9407 ,9458 ,9579 ,9585 ,9543 ,9613 ,9544 ,9119 ,
8199 ,9159 ,9357 ,9426 ,9517 ,9541 ,9495 ,9565 ,9490 ,9079 ,
8187 ,9079 ,9321 ,9391 ,9498 ,9506 ,9451 ,9540 ,9450 ,9047 ,
8126 ,9035 ,9237 ,9302 ,9410 ,9446 ,9403 ,9489 ,9382 ,8969 ,
8168 ,9076 ,9273 ,9330 ,9425 ,9454 ,9420 ,9494 ,9422 ,9005 ,
Reverse Difference:
11774,12758,12942,12847,12908,12817,12672,12698,12622,12537,12373,12007,11234,9187 ,
12062,13098,13302,13197,13283,13199,13048,13055,13001,12906,12722,12297,11510,9407 ,
12087,13129,13344,13293,13364,13259,13100,13099,13014,12929,12729,12327,11532,9406 ,
12059,13108,13316,13272,13303,13208,13048,13067,12989,12906,12712,12319,11525,9385 ,
12060,13112,13313,13220,13318,13211,13037,13039,12986,12898,12711,12323,11530,9386 ,
12042,13091,13322,13267,13304,13234,13046,13073,12979,12902,12707,12332,11549,9402 ,
12033,13088,13295,13253,13283,13177,12997,13021,12953,12890,12689,12286,11525,9389 ,
11993,13041,13255,13201,13245,13156,12979,12997,12920,12841,12635,12248,11498,9357 ,
12034,13062,13268,13209,13235,13154,12974,13010,12931,12848,12653,12253,11480,9350 ,
12015,12898,13046,12939,12975,12867,12718,12747,12676,12595,12432,12045,11259,9187 ,
Forward Valid Table:
0    ,0    ,0    ,0    ,0    ,0    ,0    ,0    ,0    ,0    ,
0    ,0    ,0    ,0    ,0    ,0    ,0    ,0    ,0    ,0    ,
0    ,0    ,0    ,0    ,0    ,0    ,0    ,0    ,0    ,0    ,
0    ,0    ,0    ,0    ,0    ,0    ,0    ,0    ,0    ,0    ,
0    ,0    ,0    ,0    ,0    ,0    ,0    ,0    ,0    ,0    ,
0    ,0    ,0    ,0    ,0    ,0    ,0    ,0    ,0    ,0    ,
0    ,0    ,0    ,0    ,0    ,0    ,0    ,0    ,0    ,0    ,
0    ,0    ,0    ,0    ,0    ,0    ,0    ,0    ,0    ,0    ,
0    ,0    ,0    ,0    ,0    ,0    ,0    ,0    ,0    ,0    ,
0    ,0    ,0    ,0    ,0    ,0    ,0    ,0    ,0    ,0    ,
0    ,0    ,0    ,0    ,0    ,0    ,0    ,0    ,0    ,0    ,
0    ,0    ,0    ,0    ,0    ,0    ,0    ,0    ,0    ,0    ,
0    ,0    ,0    ,0    ,0    ,0    ,0    ,0    ,0    ,0    ,
0    ,0    ,0    ,0    ,0    ,0    ,0    ,0    ,0    ,0    ,
Reverse Valid Table:
0    ,0    ,0    ,0    ,0    ,0    ,0    ,0    ,0    ,0    ,0    ,0    ,0    ,0    ,
0    ,0    ,0    ,0    ,0    ,0    ,0    ,0    ,0    ,0    ,0    ,0    ,0    ,0    ,
0    ,0    ,0    ,0    ,0    ,0    ,0    ,0    ,0    ,0    ,0    ,0    ,0    ,0    ,
0    ,0    ,0    ,0    ,0    ,0    ,0    ,0    ,0    ,0    ,0    ,0    ,0    ,0    ,
0    ,0    ,0    ,0    ,0    ,0    ,0    ,0    ,0    ,0    ,0    ,0    ,0    ,0    ,
0    ,0    ,0    ,0    ,0    ,0    ,0    ,0    ,0    ,0    ,0    ,0    ,0    ,0    ,
0    ,0    ,0    ,0    ,0    ,0    ,0    ,0    ,0    ,0    ,0    ,0    ,0    ,0    ,
0    ,0    ,0    ,0    ,0    ,0    ,0    ,0    ,0    ,0    ,0    ,0    ,0    ,0    ,
0    ,0    ,0    ,0    ,0    ,0    ,0    ,0    ,0    ,0    ,0    ,0    ,0    ,0    ,
0    ,0    ,0    ,0    ,0    ,0    ,0    ,0    ,0    ,0    ,0    ,0    ,0    ,0    ,
