Forward Difference:
3457 ,3396 ,3333 ,3284 ,3226 ,3173 ,3099 ,3045 ,2954 ,2979 ,
3440 ,3378 ,3321 ,3262 ,3212 ,3158 ,3075 ,3030 ,2921 ,2937 ,
3468 ,3386 ,3321 ,3270 ,3209 ,3163 ,3086 ,3050 ,2926 ,2943 ,
3454 ,3373 ,3319 ,3261 ,3217 ,3160 ,3083 ,3051 ,2929 ,2941 ,
3427 ,3369 ,3320 ,3258 ,3223 ,3168 ,3090 ,3052 ,2930 ,2947 ,
3432 ,3375 ,3316 ,3259 ,3220 ,3166 ,3083 ,3043 ,2938 ,2954 ,
3432 ,3365 ,3309 ,3253 ,3204 ,3162 ,3073 ,3046 ,2938 ,2952 ,
3425 ,3375 ,3304 ,3247 ,3203 ,3152 ,3057 ,3040 ,2931 ,2944 ,
3417 ,3373 ,3288 ,3232 ,3181 ,3143 ,3061 ,3030 ,2921 ,2941 ,
3405 ,3349 ,3261 ,3208 ,3145 ,3118 ,3049 ,3015 ,2906 ,2920 ,
3397 ,3326 ,3249 ,3198 ,3134 ,3100 ,3026 ,2984 ,2892 ,2904 ,
3377 ,3317 ,3240 ,3180 ,3116 ,3084 ,3018 ,2979 ,2880 ,2887 ,
3362 ,3287 ,3223 ,3166 ,3113 ,3071 ,2998 ,2959 ,2865 ,2869 ,
3366 ,3275 ,3222 ,3159 ,3096 ,3046 ,2986 ,2951 ,2847 ,2862 ,
3650 ,3572 ,3538 ,3462 ,3391 ,3355 ,3310 ,3276 ,3178 ,3228 ,
Reverse Difference:
2583 ,2510 ,2572 ,2565 ,2637 ,2668 ,2740 ,2749 ,2855 ,2917 ,3011 ,3035 ,3126 ,3231 ,3646 ,
2592 ,2520 ,2570 ,2564 ,2649 ,2682 ,2745 ,2766 ,2876 ,2931 ,3014 ,3053 ,3128 ,3221 ,3654 ,
2619 ,2548 ,2595 ,2592 ,2685 ,2708 ,2775 ,2786 ,2890 ,2935 ,3029 ,3063 ,3151 ,3254 ,3719 ,
2628 ,2554 ,2602 ,2597 ,2687 ,2716 ,2785 ,2794 ,2897 ,2943 ,3039 ,3066 ,3156 ,3257 ,3712 ,
2626 ,2552 ,2595 ,2603 ,2701 ,2729 ,2789 ,2803 ,2900 ,2938 ,3028 ,3055 ,3154 ,3242 ,3690 ,
2622 ,2551 ,2595 ,2597 ,2695 ,2721 ,2790 ,2797 ,2910 ,2950 ,3037 ,3070 ,3160 ,3245 ,3709 ,
2631 ,2550 ,2599 ,2598 ,2699 ,2718 ,2781 ,2783 ,2906 ,2965 ,3044 ,3081 ,3168 ,3262 ,3755 ,
2613 ,2545 ,2602 ,2604 ,2700 ,2720 ,2794 ,2804 ,2914 ,2970 ,3046 ,3084 ,3169 ,3269 ,3770 ,
2633 ,2543 ,2591 ,2596 ,2692 ,2724 ,2797 ,2806 ,2917 ,2967 ,3060 ,3094 ,3183 ,3270 ,3794 ,
2629 ,2531 ,2577 ,2580 ,2677 ,2716 ,2785 ,2791 ,2904 ,2955 ,3043 ,3068 ,3153 ,3255 ,3817 ,
Forward Valid Table:
0    ,0    ,0    ,0    ,0    ,0    ,0    ,0    ,0    ,0    ,
0    ,0    ,0    ,0    ,0    ,0    ,0    ,0    ,0    ,0    ,
0    ,0    ,0    ,0    ,0    ,0    ,0    ,0    ,0    ,0    ,
0    ,0    ,0    ,0    ,0    ,0    ,0    ,0    ,0    ,0    ,
0    ,0    ,0    ,0    ,0    ,0    ,0    ,0    ,0    ,0    ,
0    ,0    ,0    ,0    ,0    ,0    ,0    ,0    ,0    ,0    ,
0    ,0    ,0    ,0    ,0    ,0    ,0    ,0    ,0    ,0    ,
0    ,0    ,0    ,0    ,0    ,0    ,0    ,0    ,0    ,0    ,
0    ,0    ,0    ,0    ,0    ,0    ,0    ,0    ,0    ,0    ,
0    ,0    ,0    ,0    ,0    ,0    ,0    ,0    ,0    ,0    ,
0    ,0    ,0    ,0    ,0    ,0    ,0    ,0    ,0    ,0    ,
0    ,0    ,0    ,0    ,0    ,0    ,0    ,0    ,0    ,0    ,
0    ,0    ,0    ,0    ,0    ,0    ,0    ,0    ,0    ,0    ,
0    ,0    ,0    ,0    ,0    ,0    ,0    ,0    ,0    ,0    ,
0    ,0    ,0    ,0    ,0    ,0    ,0    ,0    ,0    ,0    ,
Reverse Valid Table:
0    ,0    ,0    ,0    ,0    ,0    ,0    ,0    ,0    ,0    ,0    ,0    ,0    ,0    ,0    ,
0    ,0    ,0    ,0    ,0    ,0    ,0    ,0    ,0    ,0    ,0    ,0    ,0    ,0    ,0    ,
0    ,0    ,0    ,0    ,0    ,0    ,0    ,0    ,0    ,0    ,0    ,0    ,0    ,0    ,0    ,
0    ,0    ,0    ,0    ,0    ,0    ,0    ,0    ,0    ,0    ,0    ,0    ,0    ,0    ,0    ,
0    ,0    ,0    ,0    ,0    ,0    ,0    ,0    ,0    ,0    ,0    ,0    ,0    ,0    ,0    ,
0    ,0    ,0    ,0    ,0    ,0    ,0    ,0    ,0    ,0    ,0    ,0    ,0    ,0    ,0    ,
0    ,0    ,0    ,0    ,0    ,0    ,0    ,0    ,0    ,0    ,0    ,0    ,0    ,0    ,0    ,
0    ,0    ,0    ,0    ,0    ,0    ,0    ,0    ,0    ,0    ,0    ,0    ,0    ,0    ,0    ,
0    ,0    ,0    ,0    ,0    ,0    ,0    ,0    ,0    ,0    ,0    ,0    ,0    ,0    ,0    ,
0    ,0    ,0    ,0    ,0    ,0    ,0    ,0    ,0    ,0    ,0    ,0    ,0    ,0    ,0    ,
